numlabels:
2
nodes:
0.0	0.36787944117144233	2.718281828459045
1.0	0.36787944117144233	2.718281828459045
2.0	2.718281828459045	0.36787944117144233
3.0	0.36787944117144233	2.718281828459045
4.0	0.36787944117144233	2.718281828459045
5.0	0.36787944117144233	2.718281828459045
6.0	0.36787944117144233	2.718281828459045
7.0	0.36787944117144233	2.718281828459045
8.0	0.36787944117144233	2.718281828459045
9.0	0.36787944117144233	2.718281828459045
10.0	0.36787944117144233	2.718281828459045
11.0	0.36787944117144233	2.718281828459045
12.0	0.36787944117144233	2.718281828459045
edges:
0.0	2.0	1.0	1.0	1.0	1.0
0.0	3.0	0.36787944117144233	0.36787944117144233	0.36787944117144233	2.718281828459045
1.0	2.0	1.0	1.0	1.0	1.0
1.0	8.0	0.36787944117144233	0.36787944117144233	0.36787944117144233	2.718281828459045
2.0	3.0	0.36787944117144233	2.718281828459045	0.36787944117144233	0.36787944117144233
2.0	11.0	1.0	1.0	1.0	1.0
4.0	8.0	0.36787944117144233	0.36787944117144233	0.36787944117144233	2.718281828459045
4.0	10.0	0.36787944117144233	0.36787944117144233	0.36787944117144233	2.718281828459045
5.0	12.0	0.36787944117144233	0.36787944117144233	0.36787944117144233	2.718281828459045
6.0	8.0	0.36787944117144233	0.36787944117144233	0.36787944117144233	2.718281828459045
8.0	9.0	0.36787944117144233	0.36787944117144233	0.36787944117144233	2.718281828459045
8.0	10.0	0.36787944117144233	0.36787944117144233	0.36787944117144233	2.718281828459045
11.0	12.0	0.36787944117144233	0.36787944117144233	0.36787944117144233	2.718281828459045
