13.491	5.717	-0.668
12.484	3.732	2.434
14.82	2.298	5.099
14.527	0.452	8.416
17.364	0.61	10.949
17.873	-2.565	12.933
20.272	-3.07	15.888
20.758	-3.337	19.621
19.941	-0.573	22.161
22.728	2.031	21.494
23.89	0.547	18.19
24.077	4.056	16.658
20.779	4.049	14.73
19.422	7.545	15.55
22.94	9.041	15.293
23.052	7.821	11.715
19.414	8.452	10.923
20.001	12.242	11.128
22.622	12.089	8.417
20.352	9.941	6.085
17.584	12.511	6.566
19.457	15.752	5.835
21.283	14.154	2.976
18.518	12.18	1.304
15.537	14.321	2.173
13.304	11.475	3.522
11.619	11.921	6.997
12.8	9.945	10.086
9.92	8.082	11.769
11.332	7.135	15.151
8.911	5.306	17.473
10.958	6.188	20.552
10.994	9.894	19.767
7.221	9.637	19.07
6.569	7.77	22.34
8.667	10.117	24.416
6.975	13.176	22.941
3.4	11.801	23.354
4.238	11.005	26.952
5.546	14.51	27.721
2.819	16.413	25.859
0.438	13.857	27.405
-0.939	12.91	23.957
-3.914	10.574	24.145
-2.279	8.167	21.707
0.994	7.33	23.385
0.896	8.739	26.955
0.249	5.192	28.309
3.783	4.237	27.335
5.489	6.087	30.234
5.736	3.198	32.63
6.692	0.6	30.082
9.509	2.727	28.65
10.705	3.391	32.218
10.773	-0.39	32.953
12.958	-1.089	29.927
10.224	-3.17	28.37
8.77	-2.71	24.929
5.426	-1.105	24.382
2.428	-3.065	23.022
2.464	-3.706	19.347
-0.98	-2.262	18.431
-0.167	1.001	20.252
3.083	1.437	18.332
1.493	0.261	15.027
-1.205	2.906	15.276
1.48	5.552	16.017
3.397	4.54	12.946
0.274	4.312	10.686
-0.744	7.814	11.654
2.741	9.226	10.944
2.974	7.51	7.546
-0.224	9.153	6.314
1.632	12.531	6.561
2.316	13.888	3.064
6.069	14.325	3.608
6.504	10.515	3.695
5.13	10.084	0.154
8.736	9.884	-1.063
10.068	7.47	1.453
10.833	7.55	5.056
13.355	6.159	7.442
11.948	3.88	10.053
14.011	3.954	13.209
12.986	1.631	15.992
10.08	-0.063	14.184
9.584	-2.868	13.486
10.8	-3.986	16.884
8.893	-7.377	16.798
7.803	-10.005	14.204
4.084	-8.813	14.682
5.13	-5.25	13.791
7.076	-6.402	10.769
4.066	-8.436	9.691
1.768	-5.465	10.117
3.926	-3.591	7.615
3.507	-6.545	5.186
-0.293	-6.477	5.069
-0.57	-2.637	5.287
1.413	-2.494	1.905
4.595	-0.652	3.078
7.652	-2.29	1.495
11.319	-1.096	1.926
14.312	-0.823	-0.343
16.959	-1.061	2.412
17.284	-2.747	5.686
20.493	-1.515	7.508
21.731	-3.555	10.555
24.139	-1.689	12.885
26.364	-4.4	14.404
27.765	-3.574	17.767
28.904	-5.942	20.55
26.836	-6.066	23.786
29.805	-5.138	25.908
29.837	-1.653	24.43
26.136	-0.851	25.127
25.998	0.33	28.836
28.753	2.997	28.479
27.335	4.163	25.177
23.983	4.699	26.749
25.135	6.233	30.063
27.035	9.055	28.248
24.14	9.867	25.935
22.607	13.305	25.984
19.59	14.301	23.845
18.272	17.509	22.302
14.792	16.394	23.401
12.902	18.822	20.986
14.521	17.305	17.886
15.742	13.931	19.193
19.364	14.806	18.256
21.838	12.646	20.118
25.388	13.17	21.44
27.706	11.313	23.813
29.908	13.254	26.376
32.946	11.172	25.557
32.538	9.569	22.025
30.466	12.065	20.072
30.443	15.39	22.04
28.602	18.595	21.18
30.475	21.61	20.043
29.911	23.495	23.27
29.446	21.224	26.254
25.846	20.427	27.192
24.281	22.525	24.346
22.827	21.388	21.006
25.028	22.183	17.99
22.139	23.263	15.847
20.057	25.38	18.293
22.493	26.051	21.123
19.745	24.695	23.463
20.404	22.756	26.668
20.847	18.946	26.292
19.166	16.487	28.672
19.397	12.867	29.824
16.674	10.333	28.929
14.694	8.965	31.896
15.297	5.383	30.894
19.097	5.725	30.419
20.776	3.883	33.253
22.768	0.606	33.508
19.908	-1.502	34.881
17.121	-0.24	32.544
19.632	-0.704	29.595
20.266	-4.286	30.739
16.527	-4.992	30.774
16.402	-3.432	27.25
19.127	-5.686	25.92
17.445	-8.859	27.179
14.175	-7.773	25.41
16.181	-7.037	22.299
17.653	-10.524	22.354
14.325	-12.339	22.789
12.005	-10.129	20.759
13.901	-7.95	18.269
16.843	-10.199	17.307
14.607	-12.567	15.058
14.019	-9.64	12.71
17.573	-10.058	11.236
16.545	-13.482	9.909
13.187	-12.028	8.833
14.753	-9.392	6.499
17.601	-11.622	5.333
14.749	-13.857	4.124
13.14	-10.855	2.362
16.434	-9.751	0.746
16.847	-13.418	-0.321
13.47	-13.341	-1.966
14.364	-9.915	-3.522
11.857	-7.621	-1.673
14.517	-5.469	0.095
18.291	-4.952	0.111
20.007	-5.995	3.348
23.319	-4.659	4.592
25.15	-4.813	7.904
27.505	-2.054	9.101
30.176	-2.289	11.771
28.672	0.058	14.33
32.052	0.254	16.304
33.734	2.494	13.729
33.901	6.27	14.226
30.613	8.034	13.612
31.964	9.635	10.406
33.291	6.328	9.158
29.926	4.622	9.719
28.437	7.674	7.897
30.781	6.879	4.985
29.902	3.156	4.816
26.288	4.114	4.933
26.684	6.68	2.232
28.363	3.832	0.2
25.357	1.553	0.525
22.748	4.118	-0.514
23.754	6.45	-3.45
