-9.901	-24.422	-10.479
-7.028	-22.352	-9.051
-5.227	-20.106	-11.463
-2.477	-17.496	-11.033
-2.565	-14.983	-13.957
0.768	-13.265	-14.734
1.394	-10.431	-17.162
3.395	-7.286	-17.735
1.751	-3.951	-17.001
0.015	-2.928	-20.242
-0.245	-6.408	-21.794
-3.997	-6.64	-21.064
-4.26	-9.988	-19.188
-7.477	-8.701	-17.702
-9.115	-9.225	-21.105
-9.497	-12.931	-20.423
-10.578	-12.687	-16.783
-14.357	-12.543	-17.256
-14.086	-15.63	-19.436
-12.235	-17.56	-16.776
-14.712	-16.59	-14.022
-17.629	-17.379	-16.311
-16.228	-20.729	-17.365
-15.265	-22.028	-13.897
-17.46	-20.048	-11.528
-14.555	-18.595	-9.561
-13.805	-15.02	-8.472
-10.906	-12.712	-9.244
-8.804	-11.92	-6.211
-6.192	-9.217	-6.38
-4.144	-8.071	-3.369
-5.246	-4.466	-3.685
-8.898	-5.497	-3.509
-8.292	-7.982	-0.738
-6.401	-5.481	1.41
-9.098	-2.856	0.993
-11.616	-5.549	2.081
-9.824	-6.758	5.244
-9.687	-3.275	6.731
-13.424	-2.667	6.301
-14.424	-5.983	7.834
-12.442	-5.274	10.976
-11.066	-8.743	11.442
-7.796	-9.348	13.305
-5.639	-9.232	10.148
-7.72	-6.4	8.646
-7.018	-4.236	11.637
-3.304	-5.133	11.385
-3.366	-4.114	7.718
-5.455	-0.962	8.228
-2.842	0.502	10.588
0.045	-0.309	8.254
-1.643	1.374	5.281
-2.778	4.3	7.444
0.787	4.77	8.728
1.935	4.782	5.112
3.856	1.578	5.797
4.156	-1.24	3.331
2.365	-4.528	3.951
4.734	-7.387	4.575
4.606	-10.636	2.574
3.685	-12.298	5.799
0.529	-10.257	6.268
-0.278	-10.586	2.587
-0.115	-14.401	2.626
-2.297	-14.315	5.74
-4.978	-12.266	3.939
-4.88	-14.67	0.987
-5.342	-17.671	3.275
-8.182	-15.89	5.071
-9.735	-14.749	1.788
-9.664	-18.002	-0.136
-11.326	-19.542	2.895
-14.475	-17.584	1.995
-17.2	-19.754	0.468
-17.185	-17.88	-2.839
-13.764	-19.497	-3.47
-15.293	-22.933	-3.019
-14.722	-23.611	-6.752
-11.233	-22.18	-6.869
-10.086	-18.686	-7.664
-8.252	-16.401	-10.097
-5.348	-14.7	-8.398
-4.443	-11.758	-10.59
-0.781	-10.634	-10.44
0.255	-12.328	-7.186
2.733	-13.731	-6.277
5.248	-11.143	-7.479
8.423	-12.849	-6.179
9.848	-16.353	-5.387
9.733	-15.505	-1.668
5.989	-14.839	-2.027
5.415	-17.915	-4.186
7.335	-20.175	-1.866
5.301	-18.979	1.142
2.051	-19.767	-0.607
3.301	-23.289	-1.077
4.337	-23.551	2.575
0.921	-22.393	3.754
-0.621	-25.227	1.679
-2.019	-22.965	-1.036
-1.521	-24.964	-4.218
-2.549	-23.751	-7.701
-3.511	-25.77	-10.69
-2.364	-23.232	-13.265
0.038	-20.419	-13.718
-0.631	-18.614	-16.936
1.72	-16.011	-18.301
-0.008	-13.621	-20.634
2.733	-12.724	-23.092
2.887	-9.442	-25.089
6.278	-8.108	-26.392
7.57	-5.021	-24.664
7.702	-3.047	-27.883
4.102	-3.807	-28.622
3.103	-2.76	-25.109
5.245	0.415	-25.424
3.433	1.204	-28.704
0.045	0.469	-27.172
0.711	3.053	-24.516
3.078	5.887	-25.342
0.963	6.738	-28.375
-2.167	7.692	-26.465
-3.72	11.125	-26.034
-6.439	11.778	-23.45
-9.028	14.474	-22.864
-8.159	15.378	-19.275
-11.571	16.743	-18.026
-13.695	13.757	-19.199
-11.241	10.889	-19.225
-11.77	10.135	-22.926
-8.814	8.251	-24.434
-7.447	8.105	-27.966
-4.543	6.39	-29.661
-2.851	8.189	-32.585
-2.947	4.882	-34.453
-5.691	2.739	-32.873
-8.46	5.283	-32.185
-7.389	8.735	-33.401
-9.686	11.65	-32.732
-11.703	12.964	-35.707
-9.854	16.249	-35.428
-6.442	14.821	-34.608
-5.069	16.36	-31.402
-8.567	17.58	-30.522
-11.239	15.97	-28.344
-14.24	15.02	-30.488
-16.894	15.968	-27.932
-15.623	19.374	-26.767
-13.222	20.47	-29.487
-10.771	20.738	-26.611
-7.096	19.788	-26.86
-5.95	16.369	-25.742
-2.938	15.471	-23.603
-0.653	12.593	-22.699
-0.733	11.036	-19.264
2.56	11.095	-17.291
2.384	7.312	-17.042
2.061	7.029	-20.815
5.498	8.64	-21.167
7.901	6.382	-23.03
10.659	6.758	-20.41
8.26	5.844	-17.612
6.785	2.908	-19.578
10.107	1.349	-20.547
11.286	1.66	-16.939
8.203	-0.073	-15.55
8.761	-2.98	-17.91
12.44	-3.514	-17.081
11.557	-3.317	-13.412
8.844	-5.924	-14.041
11.163	-8.267	-15.892
14.107	-8.297	-13.497
11.551	-9.104	-10.763
9.443	-11.711	-12.583
12.084	-13.57	-14.552
13.053	-15.945	-11.666
9.391	-16.417	-10.632
8.528	-17.683	-14.088
11.552	-19.954	-13.763
10.377	-21.026	-10.344
6.949	-21.944	-11.714
8.422	-23.921	-14.632
10.539	-26.02	-12.265
7.403	-26.586	-10.232
5.477	-27.492	-13.386
8.198	-30.014	-14.339
8.038	-31.325	-10.781
4.339	-31.962	-11.39
3.218	-29.55	-8.655
1.293	-27.23	-10.992
0.851	-26.553	-14.706
2.499	-23.551	-16.307
1.534	-22.156	-19.717
2.555	-19.171	-21.832
-0.205	-17.357	-23.721
0.406	-15.231	-26.795
-1.48	-12.1	-25.886
-0.846	-10.72	-29.359
-3.634	-12.872	-30.862
-7.282	-11.98	-31.421
-9.23	-12.083	-28.161
-11.28	-14.851	-29.764
-8.168	-16.841	-30.534
-6.64	-16.359	-27.091
-9.942	-17.465	-25.555
-9.823	-20.528	-27.818
-6.301	-21.256	-26.621
-7.317	-20.913	-22.976
-9.965	-23.575	-23.311
-7.42	-25.965	-24.825
-5.132	-25.335	-21.828
-7.671	-25.459	-18.988
-10.547	-27.696	-20.013
